0.000000 0.000000
1.000000 0.158484
2.000000 0.312962
3.000000 0.459529
4.000000 0.594481
5.000000 0.714406
6.000000 0.816273
7.000000 0.897507
8.000000 0.956056
9.000000 0.990438
10.000000 0.999785
11.000000 0.983860
12.000000 0.943067
13.000000 0.878436
14.000000 0.791600
15.000000 0.684756
16.000000 0.560603
17.000000 0.422280
18.000000 0.273282
19.000000 0.117378
20.000000 -0.041494
21.000000 -0.199317
22.000000 -0.352102
23.000000 -0.495987
24.000000 -0.627335
25.000000 -0.742826
26.000000 -0.839540
27.000000 -0.915033
28.000000 -0.967398
29.000000 -0.995309
30.000000 -0.998062
31.000000 -0.975588
32.000000 -0.928453
33.000000 -0.857850
34.000000 -0.765564
35.000000 -0.653926
36.000000 -0.525759
37.000000 -0.384303
38.000000 -0.233132
39.000000 -0.076069
40.000000 0.082917
41.000000 0.239807
42.000000 0.390636
43.000000 0.531590
44.000000 0.659108
45.000000 0.769966
46.000000 0.861361
47.000000 0.930983
48.000000 0.977073
49.000000 0.998466
50.000000 0.994621
51.000000 0.965635
52.000000 0.912241
53.000000 0.835788
54.000000 0.738209
55.000000 0.621970
56.000000 0.490010
57.000000 0.345664
58.000000 0.192581
59.000000 0.034629
60.000000 -0.124197
61.000000 -0.279884
62.000000 -0.428497
63.000000 -0.566278
64.000000 -0.689746
65.000000 -0.795779
66.000000 -0.881698
67.000000 -0.945329
68.000000 -0.985066
69.000000 -0.999904
70.000000 -0.989467
71.000000 -0.954019
72.000000 -0.894457
73.000000 -0.812285
74.000000 -0.709582
75.000000 -0.588943
76.000000 -0.453417
77.000000 -0.306430
78.000000 -0.151697
79.000000 0.006870
80.000000 0.165263
81.000000 0.319479
82.000000 0.465620
83.000000 0.599991
84.000000 0.719196
85.000000 0.820222
86.000000 0.900516
87.000000 0.958047
88.000000 0.991362
89.000000 0.999619
90.000000 0.982608
91.000000 0.940760
92.000000 0.875132
93.000000 0.787384
94.000000 0.679733
95.000000 0.554901
96.000000 0.416042
97.000000 0.266668
98.000000 0.110552
99.000000 -0.048357
100.000000 -0.206045
101.000000 -0.358524
102.000000 -0.501940
103.000000 -0.632670
104.000000 -0.747407
105.000000 -0.843252
106.000000 -0.917783
107.000000 -0.969115
108.000000 -0.995950
109.000000 -0.997612
110.000000 -0.974056
111.000000 -0.925880
112.000000 -0.854300
113.000000 -0.761126
114.000000 -0.648713
115.000000 -0.519903
116.000000 -0.377951
117.000000 -0.226446
118.000000 -0.069217
119.000000 0.089761
120.000000 0.246471
121.000000 0.396951
122.000000 0.537397
123.000000 0.664259
124.000000 0.774331
125.000000 0.864830
126.000000 0.933469
127.000000 0.978513
128.000000 0.998823
129.000000 0.993886
130.000000 0.963827
131.000000 0.909405
132.000000 0.831996
133.000000 0.733557
134.000000 0.616576
135.000000 0.484010
136.000000 0.339209
137.000000 0.185835
138.000000 0.027763
139.000000 -0.131011
140.000000 -0.286473
141.000000 -0.434694
142.000000 -0.571927
143.000000 -0.694704
144.000000 -0.799921
145.000000 -0.884918
146.000000 -0.947547
147.000000 -0.986226
148.000000 -0.999975
149.000000 -0.988449
150.000000 -0.951937
151.000000 -0.891364
152.000000 -0.808259
153.000000 -0.704725
154.000000 -0.583377
155.000000 -0.447283
156.000000 -0.299883
157.000000 -0.144903
158.000000 0.013739
159.000000 0.172035
160.000000 0.325981
161.000000 0.471688
162.000000 0.605473
163.000000 0.723952
164.000000 0.824133
165.000000 0.903482
166.000000 0.959994
167.000000 0.992240
168.000000 0.999405
169.000000 0.981309
170.000000 0.938408
171.000000 0.871787
172.000000 0.783130
173.000000 0.674678
174.000000 0.549173
175.000000 0.409785
176.000000 0.260040
177.000000 0.103722
178.000000 -0.055218
179.000000 -0.212762
180.000000 -0.364928
181.000000 -0.507870
182.000000 -0.637975
183.000000 -0.751954
184.000000 -0.846925
185.000000 -0.920489
186.000000 -0.970786
187.000000 -0.996545
188.000000 -0.997113
189.000000 -0.972478
190.000000 -0.923262
191.000000 -0.850709
192.000000 -0.756652
193.000000 -0.643470
194.000000 -0.514022
195.000000 -0.371582
196.000000 -0.219750
197.000000 -0.062362
198.000000 0.096601
199.000000 0.253123
200.000000 0.403247
201.000000 0.543178
202.000000 0.669379
203.000000 0.778660
204.000000 0.868259
205.000000 0.935911
206.000000 0.979906
207.000000 0.999133
208.000000 0.993104
209.000000 0.961973
210.000000 0.906526
211.000000 0.828165
212.000000 0.728871
213.000000 0.611153
214.000000 0.477987
215.000000 0.332739
216.000000 0.179080
217.000000 0.020895
218.000000 -0.137818
219.000000 -0.293048
220.000000 -0.440870
221.000000 -0.577549
222.000000 -0.699629
223.000000 -0.804025
224.000000 -0.888097
225.000000 -0.949721
226.000000 -0.987339
227.000000 -1.000000
228.000000 -0.987384
229.000000 -0.949811
230.000000 -0.888229
231.000000 -0.804195
232.000000 -0.699834
233.000000 -0.577783
234.000000 -0.441128
235.000000 -0.293322
236.000000 -0.138102
237.000000 0.020608
238.000000 0.178798
239.000000 0.332468
240.000000 0.477735
241.000000 0.610926
242.000000 0.728674
243.000000 0.828004
244.000000 0.906405
245.000000 0.961895
246.000000 0.993071
247.000000 0.999145
248.000000 0.979964
249.000000 0.936012
250.000000 0.868401
251.000000 0.778840
252.000000 0.669592
253.000000 0.543418
254.000000 0.403509
255.000000 0.253401
256.000000 0.096887
257.000000 -0.062076
258.000000 -0.219470
259.000000 -0.371316
260.000000 -0.513776
261.000000 -0.643250
262.000000 -0.756465
263.000000 -0.850558
264.000000 -0.923152
265.000000 -0.972412
266.000000 -0.997092
267.000000 -0.996568
268.000000 -0.970855
269.000000 -0.920601
270.000000 -0.847078
271.000000 -0.752143
272.000000 -0.638196
273.000000 -0.508117
274.000000 -0.365195
275.000000 -0.213042
276.000000 -0.055504
277.000000 0.103437
278.000000 0.259763
279.000000 0.409524
280.000000 0.548933
281.000000 0.674466
282.000000 0.782952
283.000000 0.871647
284.000000 0.938309
285.000000 0.981254
286.000000 0.999395
287.000000 0.992275
288.000000 0.960074
289.000000 0.903605
290.000000 0.824295
291.000000 0.724150
292.000000 0.605701
293.000000 0.471941
294.000000 0.326253
295.000000 0.172317
296.000000 0.014026
297.000000 -0.144619
298.000000 -0.299609
299.000000 -0.447026
300.000000 -0.583144
301.000000 -0.704521
302.000000 -0.808090
303.000000 -0.891234
304.000000 -0.951849
305.000000 -0.988405
306.000000 -0.999977
307.000000 -0.986273
308.000000 -0.947639
309.000000 -0.885052
310.000000 -0.800093
311.000000 -0.694910
312.000000 -0.572163
313.000000 -0.434952
314.000000 -0.286748
315.000000 -0.131295
316.000000 0.027476
317.000000 0.185553
318.000000 0.338939
319.000000 0.483759
320.000000 0.616350
321.000000 0.733362
322.000000 0.831837
323.000000 0.909286
324.000000 0.963750
325.000000 0.993854
326.000000 0.998837
327.000000 0.978572
328.000000 0.933572
329.000000 0.864974
330.000000 0.774512
331.000000 0.664473
332.000000 0.537639
333.000000 0.397214
334.000000 0.246749
335.000000 0.090047
336.000000 -0.068931
337.000000 -0.226167
338.000000 -0.377686
339.000000 -0.519658
340.000000 -0.648495
341.000000 -0.760940
342.000000 -0.854151
343.000000 -0.925771
344.000000 -0.973991
345.000000 -0.997592
346.000000 -0.995976
347.000000 -0.969186
348.000000 -0.917897
349.000000 -0.843407
350.000000 -0.747598
351.000000 -0.632892
352.000000 -0.502189
353.000000 -0.358792
354.000000 -0.206325
355.000000 -0.048644
356.000000 0.110267
357.000000 0.266391
358.000000 0.415781
359.000000 0.554662
360.000000 0.679523
