0.031504
0.052140
0.128338
0.104220
0.073413
0.110548
0.124350
0.193072
0.161543
0.177480
0.187766
0.271454
0.262662
0.253672
0.257853
0.341747
0.353673
0.300856
0.316668
0.400650
0.360606
0.437350
0.464850
0.424283
0.465744
0.429110
0.510889
0.512903
0.536063
0.516970
0.552000
0.560764
0.576082
0.570580
0.574736
0.666847
0.658237
0.609786
0.653422
0.651996
0.733940
0.683974
0.674581
0.698152
0.778407
0.750055
0.765487
0.775264
0.772418
0.839734
0.854890
0.871531
0.874107
0.856633
0.844144
0.892580
0.883910
0.893921
0.916788
0.945222
0.955817
0.913113
0.964719
0.971411
0.958021
0.974575
0.959119
0.947990
0.936129
0.960446
0.944209
1.017936
0.982008
0.980564
0.981990
0.968605
1.061439
1.002020
1.026089
1.022757
1.003677
0.992959
1.052810
1.057819
1.006070
1.021290
1.027579
1.019144
1.056805
1.098868
1.034816
1.042830
1.028969
1.011847
1.049449
1.053725
1.049037
1.027765
1.078119
1.054258
0.992840
1.020023
1.048267
1.069719
1.012289
1.000354
0.973191
0.965595
1.045789
0.999954
0.971188
1.002625
1.015639
0.989858
0.966925
0.945152
0.965443
0.981176
0.953192
0.888423
0.940689
0.895868
0.941090
0.920497
0.865608
0.848651
0.876847
0.884264
0.819466
0.830633
0.853358
0.755393
0.765374
0.735364
0.794556
0.801635
0.734775
0.717876
0.740788
0.739237
0.720723
0.727358
0.713278
0.652055
0.683061
0.604086
0.585808
0.588958
0.618646
0.581263
0.541777
0.505223
0.499752
0.482312
0.444698
0.463452
0.433736
0.454362
0.400340
0.359711
0.347141
0.328446
0.338556
0.390486
0.347313
0.347112
0.293001
0.226080
0.264710
0.250018
0.206785
0.206094
0.228980
0.158174
0.142262
0.122572
0.081961
0.147456
0.123034
0.106505
0.080734
0.051953
-0.013704
-0.016751
-0.006211
-0.012117
-0.026316
-0.087475
-0.056444
-0.061400
-0.161319
-0.121364
-0.201713
-0.208624
-0.201195
-0.253555
-0.233497
-0.233434
-0.289406
-0.251112
-0.302895
-0.270237
-0.304387
-0.378557
-0.361725
-0.372391
-0.404468
-0.450579
-0.441721
-0.462137
-0.415555
-0.456525
-0.518673
-0.525672
-0.483473
-0.490902
-0.558420
-0.562690
-0.562797
-0.574311
-0.591547
-0.649809
-0.664138
-0.599171
-0.613659
-0.627209
-0.631648
-0.684670
-0.658132
-0.667939
-0.672707
-0.775217
-0.738189
-0.739152
-0.711629
-0.766856
-0.805184
-0.814762
-0.789242
-0.795978
-0.819985
-0.848822
-0.880274
-0.874707
-0.884316
-0.869002
-0.850363
-0.907333
-0.828908
-0.899592
-0.924623
-0.872210
-0.905413
-0.873352
-0.889546
-0.903412
-0.878835
-0.941605
-0.900264
-0.956605
-0.967501
-0.941947
-0.914866
-0.893437
-0.927290
-0.932957
-0.927823
-0.968920
-0.927135
-0.955269
-0.924250
-0.956026
-0.912572
-0.928388
-0.926969
-0.992056
-0.904270
-0.942615
-0.958224
-0.980993
-0.928379
-0.955473
-0.887895
-0.936326
-0.925617
-0.951997
-0.890150
-0.898658
-0.935910
-0.878274
-0.880319
-0.912507
-0.905516
-0.907580
-0.853964
-0.896646
-0.813470
-0.848525
-0.799943
-0.792378
-0.864264
-0.854576
-0.809387
-0.824147
-0.743573
-0.744281
-0.752439
-0.756758
-0.783992
-0.691667
-0.744651
-0.683724
-0.737539
-0.696074
-0.674902
-0.631003
-0.601955
-0.590895
-0.616703
-0.610559
-0.597538
-0.600548
-0.594808
-0.508068
-0.541418
-0.505050
-0.528915
-0.539237
-0.516226
-0.421606
-0.426466
-0.458985
-0.379924
-0.362554
-0.346272
-0.357992
-0.313762
-0.379049
-0.304966
-0.330877
-0.255152
-0.249855
-0.248075
-0.250467
-0.212412
-0.224681
-0.157618
-0.132468
-0.108211
-0.181293
-0.118117
-0.124967
-0.048594
-0.105963
-0.012875
-0.007084
-0.064471
0.043532
0.027615
0.068796
0.077563
